<Layer>
<Neuron>
-0,66475;-0,08549;0,87391
</Neuron>
<Neuron>
1,03843;-1,1948391;1,0939824
</Neuron>
<Neuron>
0,50007;0,68765;-0,61966
</Neuron>
<Neuron>
0,79637;-0,6009444;0,5779494
</Neuron>
<Neuron>
-0,74998;-1,0951794;-0,9249408
</Neuron>
<Neuron>
-0,57073;0,12978;0,14564
</Neuron>
<Neuron>
-0,18021;0,87376;0,64597
</Neuron>
<Neuron>
-0,73453;-1,8315801;-0,3171042
</Neuron>
<Neuron>
-0,02529;0,28673;-0,59483
</Neuron>
<Neuron>
0,42836;0,02523;0,2124
</Neuron>
</Layer>
<Layer>
<Neuron>
-0,16917;0,419294785848607;-0,877912387542136;-0,864826193047809;0,947995713590507;-0,459966779218511;-0,461141289178147;-1,0745368510057;-0,395591602772023;0,407727025846074;0,598393116674909
</Neuron>
<Neuron>
-0,49625;-0,271283844142332;-0,744119132435642;-0,453828175387701;-0,365644180732884;0,102903753846254;-0,0727068029539984;0,142679785172849;-0,774283137072024;-0,648701003288423;0,758890068258779
</Neuron>
<Neuron>
0,24777;-0,32309;-0,59366;-0,33857;0,34292;-0,78925;-0,36702;0,54958;-0,14165;0,99815;-0,11443
</Neuron>
</Layer>
<Layer>
<Neuron>
0,407;-0,800951414690897;0,1949538526752;0,523175203641122
</Neuron>
</Layer>
