<Layer>
<Neuron>
-1;2489,9631412369176;15910,606693999991;-1771087,3969028916;-336,3478070420124;2197,057249808982;320,4629294680789;-247,27057247852431;
</Neuron>
<Neuron>
-1;2498,188479568931;-15882,52021288041;-1768597,927364657;335,4716903724585;2192,2955520065325;318,75664697693685;248,7475268323204;
</Neuron>
<Neuron>
-1;-2486,4137266173007;-15882,66465240953;-1768613,60422307;335,48415396235663;-2192,3287857609853;318,79654106071746;-247,7648518624607;
</Neuron>
<Neuron>
-1;-2489,9243102575797;15904,73456987857;-1771084,1148013896;337,3454008802478;2197,046968317522;330,4661540217511;250,2686159575403;
</Neuron>
<Neuron>
-1;-2489,9243102575797;15904,73456987857;-1771084,1148013896;337,3454008802478;2197,046968317522;330,4661540217511;250,2686159575403;
</Neuron>
<Neuron>
-1;-2489,9243102575797;15904,73456987857;-1771084,1148013896;337,3454008802478;2197,046968317522;330,4661540217511;250,2686159575403;
</Neuron>
<Neuron>
-1;2520,0102145216706;-15922,073291702292;-1771151,1781997387;357,351076528177;2197,1346833260945;330,4734677343512;250,26827988398227;
</Neuron>
</Layer>
<Layer>
<Neuron>
1;-0,036574674952619374;-0,036500532197271826;0,03649760239304389;-0,03657491645829791;0,036575510082282325;-0,036575226250228965;-0,036563722086906975;
</Neuron>
<Neuron>
-1;-3,610958501917871;4,33177891720012;3,3286197243978575;5,61011974853687;-6,610119748536875;3,610119748536641;-4,612466595495632;
</Neuron>
<Neuron>
1;0,03590175204919609;-0,03575227502835365;-0,03575624125254927;-0,035901603089029815;0,03590163839835048;-0,035901467818034966;0,035906569391846194;
</Neuron>
<Neuron>
1;0,03794959268328418;-0,037924548303554434;-0,03792997272743242;0,03795022183192656;-0,03795031339614177;-0,03795002684359064;-0,037970556938902916;
</Neuron>
<Neuron>
1;0,03794959268328418;-0,037924548303554434;-0,03792997272743242;0,03795022183192656;-0,03795031339614177;-0,03795002684359064;-0,037970556938902916;
</Neuron>
<Neuron>
1;0,03794959268328418;-0,037924548303554434;-0,03792997272743242;0,03795022183192656;-0,03795031339614177;-0,03795002684359064;-0,037970556938902916;
</Neuron>
<Neuron>
1;0,03794959268328418;-0,037924548303554434;-0,03792997272743242;0,03795022183192656;-0,03795031339614177;-0,03795002684359064;-0,037970556938902916;
</Neuron>
<Neuron>
1;0,03794959268328418;-0,037924548303554434;-0,03792997272743242;0,03795022183192656;-0,03795031339614177;-0,03795002684359064;-0,037970556938902916;
</Neuron>
<Neuron>
1;0,03794959268328418;-0,037924548303554434;-0,03792997272743242;0,03795022183192656;-0,03795031339614177;-0,03795002684359064;-0,037970556938902916;
</Neuron>
<Neuron>
1;0,03794959268328418;-0,037924548303554434;-0,03792997272743242;0,03795022183192656;-0,03795031339614177;-0,03795002684359064;-0,037970556938902916;
</Neuron>
<Neuron>
1;0,03794959268328418;-0,037924548303554434;-0,03792997272743242;0,03795022183192656;-0,03795031339614177;-0,03795002684359064;-0,037970556938902916;
</Neuron>
<Neuron>
1;0,03794959268328418;-0,037924548303554434;-0,03792997272743242;0,03795022183192656;-0,03795031339614177;-0,03795002684359064;-0,037970556938902916;
</Neuron>
<Neuron>
1;0,03794959268328418;-0,037924548303554434;-0,03792997272743242;0,03795022183192656;-0,03795031339614177;-0,03795002684359064;-0,037970556938902916;
</Neuron>
<Neuron>
1;0,03794959268328418;-0,037924548303554434;-0,03792997272743242;0,03795022183192656;-0,03795031339614177;-0,03795002684359064;-0,037970556938902916;
</Neuron>
<Neuron>
1;0,03794959268328418;-0,037924548303554434;-0,03792997272743242;0,03795022183192656;-0,03795031339614177;-0,03795002684359064;-0,037970556938902916;
</Neuron>
</Layer>
<Layer>
<Neuron>
1;-0,037757257257541484;-0,03540750419839067;-0,028009594303544515;0,030348474014582457;-0,03034821263926107;-0,030348474014582457;0,03034786343493495;-0,03034821263926107;-0,030348474014582457;0,03034786343493495;-0,030347769167233692;-0,030347823044884783;0,03034797604018463;-0,030348348935829796;-0,03034821263926107;
</Neuron>
<Neuron>
1;-0,052308452286170856;-0,030685187110191265;0,05223518720507623;-0,05221798403020824;-0,05221846507094762;0,05221798403020824;0,0522182180533951;-0,05221846507094762;0,05221798403020824;0,0522182180533951;0,05221798403020824;0,052218429407948734;0,052218119613446766;-0,05221835835065974;-0,05221846507094762;
</Neuron>
<Neuron>
1;0,03579318920351782;-0,029023544618612507;-0,03533261393159644;0,034577776914360106;0,0345780841196877;-0,034577776914360106;-0,03457774200486276;0,0345780841196877;-0,034577776914360106;-0,03457774200486276;0,0345780841196877;-0,03457772244676015;-0,034578444320451304;-0,03457761209569242;0,0345780841196877;
</Neuron>
<Neuron>
1;-0,037757257257541484;-0,03540750419839067;-0,028009594303544515;0,030348474014582457;-0,03034821263926107;-0,030348474014582457;0,03034786343493495;-0,03034821263926107;-0,030348474014582457;0,03034786343493495;-0,030347769167233692;-0,030347823044884783;0,03034797604018463;-0,030348348935829796;-0,03034821263926107;
</Neuron>
<Neuron>
1;-0,052308452286170856;-0,030685187110191265;0,05223518720507623;-0,05221798403020824;-0,05221846507094762;0,05221798403020824;0,0522182180533951;-0,05221846507094762;0,05221798403020824;0,0522182180533951;0,05221798403020824;0,052218429407948734;0,052218119613446766;-0,05221835835065974;-0,05221846507094762;
</Neuron>
<Neuron>
1;0,03803715604896166;0,03742017994585976;-0,028889561010810118;-0,0309833575394719;0,03098360090060384;0,0309833575394719;-0,030982677751402926;0,03098360090060384;0,0309833575394719;-0,030982677751402926;0,03098360090060384;-0,03098278201643634;-0,030982677751402926;-0,030983512710667127;0,03098360090060384;
</Neuron>
<Neuron>
1;-0,03053449086679538;0,028622738010842898;-0,024900388905208175;-0,02591235837620399;-0,025912176817626847;0,02591235837620399;-0,025912063992407097;-0,025912176817626847;0,02591235837620399;-0,025912063992407097;-0,025912078453529174;0,02591229256190151;0,025912243653573096;-0,02591209333371559;-0,025912176817626847;
</Neuron>
</Layer>
<Layer>
<Neuron>
1,8000000000000007;-0,25889556515777823;-0,333717974883046;-0,6274920136885143;-0,25889556515777823;-0,333717974883046;-0,6490122525769972;-0,5845162221212183;
</Neuron>
<Neuron>
0,20000000000000015;-0,03516594063802504;-0,006052833448172503;-0,026179630099624845;-0,03516594063802504;-0,006052833448172503;-0,2199965323888424;-0,05409282779173433;
</Neuron>
</Layer>