
Data rozpoczęcia logow: 03.04.2023 22:32:12
Nowa Struktura: 
<Layer>
<Neuron>
-1;1,088519465885712;10,978788165271993;-594,1783696793634;-3,978845256470427;2,038796201598208;5,020742826792932;-2,0102266650533753;
</Neuron>
<Neuron>
-1;19,38834336368563;-4,011656643008447;496,24418596776655;4,879574601293677;-4,075128280564481;4,890782231548607;4,908200158632912;
</Neuron>
<Neuron>
-1;-0,6618748662606249;4,094356085255116;498,24831172241653;4,891904612204646;0,5962525922898254;4,926375144089302;-3,9221820284614033;
</Neuron>
<Neuron>
-1;-1,0630428094321784;5,122028605995633;-588,6158890496439;4,972377313620322;2,0130993876839622;15,018815784210103;5,008267542838879;
</Neuron>
<Neuron>
-1;-1,0630428094321784;5,122028605995633;-588,6158890496439;4,972377313620322;2,0130993876839622;15,018815784210103;5,008267542838879;
</Neuron>
<Neuron>
-1;-1,0630428094321784;5,122028605995633;-588,6158890496439;4,972377313620322;2,0130993876839622;15,018815784210103;5,008267542838879;
</Neuron>
<Neuron>
-1;31,04152625519338;-21,789788043834132;-593,6839415338357;24,963285359953034;1,9867258456964763;15,00537780192341;4,994893531369015;
</Neuron>
</Layer>
<Layer>
<Neuron>
1;-12,624819043647925;1,609108559272449;0,6104178623446416;12,624106677466315;3,6241066774663118;0,6241066774663105;-1,6232933010750965;
</Neuron>
<Neuron>
-1;-1,5954539990866923;2,619139025675484;1,6159297839640967;3,5955237713174886;-4,595523771317491;1,595523771317487;-2,595502037608462;
</Neuron>
<Neuron>
1;-2,6256733426827514;1,6097546593456125;0,6110693604063693;2,624979788409478;3,6249797884094783;0,6249797884094774;-1,6241504068790087;
</Neuron>
<Neuron>
1;1,7585594002091287;41,74598441442618;0,7469363412908426;-2,758186156366221;3,7581861563662216;0,7581861563662216;-1,7576086754797957;
</Neuron>
<Neuron>
1;1,7585594002091287;41,74598441442618;0,7469363412908426;-2,758186156366221;3,7581861563662216;0,7581861563662216;-1,7576086754797957;
</Neuron>
<Neuron>
1;1,7585594002091287;41,74598441442618;0,7469363412908426;-2,758186156366221;3,7581861563662216;0,7581861563662216;-1,7576086754797957;
</Neuron>
<Neuron>
1;1,7585594002091287;41,74598441442618;0,7469363412908426;-2,758186156366221;3,7581861563662216;0,7581861563662216;-1,7576086754797957;
</Neuron>
<Neuron>
1;1,7585594002091287;41,74598441442618;0,7469363412908426;-2,758186156366221;3,7581861563662216;0,7581861563662216;-1,7576086754797957;
</Neuron>
<Neuron>
1;1,7585594002091287;41,74598441442618;0,7469363412908426;-2,758186156366221;3,7581861563662216;0,7581861563662216;-1,7576086754797957;
</Neuron>
<Neuron>
1;1,7585594002091287;41,74598441442618;0,7469363412908426;-2,758186156366221;3,7581861563662216;0,7581861563662216;-1,7576086754797957;
</Neuron>
<Neuron>
1;1,7585594002091287;41,74598441442618;0,7469363412908426;-2,758186156366221;3,7581861563662216;0,7581861563662216;-1,7576086754797957;
</Neuron>
<Neuron>
1;1,7585594002091287;41,74598441442618;0,7469363412908426;-2,758186156366221;3,7581861563662216;0,7581861563662216;-1,7576086754797957;
</Neuron>
<Neuron>
1;1,7585594002091287;41,74598441442618;0,7469363412908426;-2,758186156366221;3,7581861563662216;0,7581861563662216;-1,7576086754797957;
</Neuron>
<Neuron>
1;1,7585594002091287;41,74598441442618;0,7469363412908426;-2,758186156366221;3,7581861563662216;0,7581861563662216;-1,7576086754797957;
</Neuron>
<Neuron>
1;1,7585594002091287;41,74598441442618;0,7469363412908426;-2,758186156366221;3,7581861563662216;0,7581861563662216;-1,7576086754797957;
</Neuron>
</Layer>
<Layer>
<Neuron>
1;1,726049639035697;2,8379220766427298;3,7261323365966135;-1,7413470143357612;0,7413470143357601;1,7413470143357612;2,741347014335762;0,7413470143357601;1,7413470143357612;2,741347014335762;3,741347014335762;4,74134701433576;5,74134701433576;6,74134701433576;0,7413470143357601;
</Neuron>
<Neuron>
1;1,738687730433616;2,8453844421609307;3,7387667137655387;-1,7532802228968942;0,7532802228968938;1,7532802228968942;2,7532802228968922;0,7532802228968938;1,7532802228968942;2,7532802228968922;1,7532802228968942;4,753280222896895;5,753280222896895;6,753280222896895;0,7532802228968938;
</Neuron>
<Neuron>
1;1,745012249402431;2,8491188913295193;3,7450893738177937;-1,7592519928851342;0,7592519928851346;1,7592519928851342;2,759251992885136;0,7592519928851346;1,7592519928851342;2,759251992885136;0,7592519928851346;4,759251992885134;5,759251992885134;6,759251992885134;0,7592519928851346;
</Neuron>
<Neuron>
1;1,726049639035697;2,8379220766427298;3,7261323365966135;-1,7413470143357612;0,7413470143357601;1,7413470143357612;2,741347014335762;0,7413470143357601;1,7413470143357612;2,741347014335762;3,741347014335762;4,74134701433576;5,74134701433576;6,74134701433576;0,7413470143357601;
</Neuron>
<Neuron>
1;1,738687730433616;2,8453844421609307;3,7387667137655387;-1,7532802228968942;0,7532802228968938;1,7532802228968942;2,7532802228968922;0,7532802228968938;1,7532802228968942;2,7532802228968922;1,7532802228968942;4,753280222896895;5,753280222896895;6,753280222896895;0,7532802228968938;
</Neuron>
<Neuron>
1;1,764006668887068;2,8603346901534605;3,764078209689164;-1,77718699307685;0,77718699307685;1,77718699307685;2,7771869930768482;0,77718699307685;1,77718699307685;2,7771869930768482;0,77718699307685;4,7771869930768505;2,7771869930768482;6,7771869930768505;0,77718699307685;
</Neuron>
<Neuron>
1;1,838313056382527;2,904284401828541;3,8383622349281707;-1,8473418821367864;0,8473418821367854;1,8473418821367864;2,847341882136785;0,8473418821367854;1,8473418821367864;2,847341882136785;-3,847341882136784;-4,847341882136789;5,847341882136789;6,847341882136789;0,8473418821367854;
</Neuron>
</Layer>
<Layer>
<Neuron>
1;0,7635267550523598;0,7646576766907391;0,7652236356001619;0,7635267550523598;0,7646576766907391;0,7669234097694887;0,7735995699641713;
</Neuron>
<Neuron>
1;0,7538058034328212;0,754982064216321;0,7555706999192031;0,7538058034328212;0,754982064216321;0,7573385343122008;0,7642384885561341;
</Neuron>
</Layer>

-----------------------------------------------------
Nowa Struktura: 
<Layer>
<Neuron>
-1;61,00636400306808;390,8730190968949;-42983,47795186636;-13,037165433133206;60,5767630173997;13,239784938043481;-8,576344002171016;
</Neuron>
<Neuron>
-1;70,48705725197425;-371,7462998645835;-41470,7140597127;12,329074635336912;57,31425322665815;11,70445116370167;10,21441344335676;
</Neuron>
<Neuron>
-1;-58,690926723364605;-371,73623222366984;-41471,380099048205;12,340266974390467;-57,33102670554312;11,739065306978384;-9,227553878770241;
</Neuron>
<Neuron>
-1;-60,95049313783716;384,9358153701094;-42975,21821280113;14,030045739716321;60,55572175202372;23,229142540874022;11,568572771018749;
</Neuron>
<Neuron>
-1;-60,95049313783716;384,9358153701094;-42975,21821280113;14,030045739716321;60,55572175202372;23,229142540874022;11,568572771018749;
</Neuron>
<Neuron>
-1;-60,95049313783716;384,9358153701094;-42975,21821280113;14,030045739716321;60,55572175202372;23,229142540874022;11,568572771018749;
</Neuron>
<Neuron>
-1;90,92357882773574;-401,4711879573701;-42959,57916724246;34,01577905688136;60,49338479688205;23,21872449584395;11,55555315002774;
</Neuron>
</Layer>
<Layer>
<Neuron>
1;0,029995936025588935;-0,030015790239102093;-0,029998923074741148;-0,030002176996617957;-0,029999333448313414;-0,030009817932445153;-0,030000891880451876;
</Neuron>
<Neuron>
-1;-3,4627508452937703;4,2442884578630355;3,2410453725328465;5,462139430713119;-6,462139430713124;3,4621394307131395;-4,462879708578675;
</Neuron>
<Neuron>
1;-0,03253968570820443;-0,03244321628793316;0,03244856635583614;0,032460834783334176;-0,0324528757049267;-0,03244874376049104;0,03245213264320401;
</Neuron>
<Neuron>
1;0,02598387965832233;18,78597952474508;0,026095103881583512;-0,025986855507789047;0,025990020310267297;-0,02598834851428015;-0,025992970480649063;
</Neuron>
<Neuron>
1;0,02598387965832233;18,78597952474508;0,026095103881583512;-0,025986855507789047;0,025990020310267297;-0,02598834851428015;-0,025992970480649063;
</Neuron>
<Neuron>
1;0,02598387965832233;18,78597952474508;0,026095103881583512;-0,025986855507789047;0,025990020310267297;-0,02598834851428015;-0,025992970480649063;
</Neuron>
<Neuron>
1;0,02598387965832233;18,78597952474508;0,026095103881583512;-0,025986855507789047;0,025990020310267297;-0,02598834851428015;-0,025992970480649063;
</Neuron>
<Neuron>
1;0,02598387965832233;18,78597952474508;0,026095103881583512;-0,025986855507789047;0,025990020310267297;-0,02598834851428015;-0,025992970480649063;
</Neuron>
<Neuron>
1;0,02598387965832233;18,78597952474508;0,026095103881583512;-0,025986855507789047;0,025990020310267297;-0,02598834851428015;-0,025992970480649063;
</Neuron>
<Neuron>
1;0,02598387965832233;18,78597952474508;0,026095103881583512;-0,025986855507789047;0,025990020310267297;-0,02598834851428015;-0,025992970480649063;
</Neuron>
<Neuron>
1;0,02598387965832233;18,78597952474508;0,026095103881583512;-0,025986855507789047;0,025990020310267297;-0,02598834851428015;-0,025992970480649063;
</Neuron>
<Neuron>
1;0,02598387965832233;18,78597952474508;0,026095103881583512;-0,025986855507789047;0,025990020310267297;-0,02598834851428015;-0,025992970480649063;
</Neuron>
<Neuron>
1;0,02598387965832233;18,78597952474508;0,026095103881583512;-0,025986855507789047;0,025990020310267297;-0,02598834851428015;-0,025992970480649063;
</Neuron>
<Neuron>
1;0,02598387965832233;18,78597952474508;0,026095103881583512;-0,025986855507789047;0,025990020310267297;-0,02598834851428015;-0,025992970480649063;
</Neuron>
<Neuron>
1;0,02598387965832233;18,78597952474508;0,026095103881583512;-0,025986855507789047;0,025990020310267297;-0,02598834851428015;-0,025992970480649063;
</Neuron>
</Layer>
<Layer>
<Neuron>
1;-0,03311657224714835;-0,03900249018180499;0,02759094589602223;0,04180167063113245;0,04179291538500372;-0,04180167063113245;0,041792345735532324;0,04179291538500372;-0,04180167063113245;0,041792345735532324;-0,04179804242070996;0,041802389440000795;-0,04179200718716121;-0,041798622189306064;0,04179291538500372;
</Neuron>
<Neuron>
1;-0,03004684024653674;0,024316921511387143;-0,03480391828438826;0,025837134898244046;-0,02585328183476665;-0,025837134898244046;-0,02582745866671013;-0,02585328183476665;-0,025837134898244046;-0,02582745866671013;-0,025837134898244046;0,025826555244563926;0,025854458476484404;-0,02586901438996045;-0,02585328183476665;
</Neuron>
<Neuron>
1;0,03662701979843004;0,03118357218177921;0,030379848295981608;0,033115462489137604;-0,03314921263719112;-0,033115462489137604;0,03313682169133331;-0,03314921263719112;-0,033115462489137604;0,03313682169133331;-0,03314921263719112;-0,0331168014686298;0,03314697974422409;-0,033142948015914;-0,03314921263719112;
</Neuron>
<Neuron>
1;-0,03311657224714835;-0,03900249018180499;0,02759094589602223;0,04180167063113245;0,04179291538500372;-0,04180167063113245;0,041792345735532324;0,04179291538500372;-0,04180167063113245;0,041792345735532324;-0,04179804242070996;0,041802389440000795;-0,04179200718716121;-0,041798622189306064;0,04179291538500372;
</Neuron>
<Neuron>
1;-0,03004684024653674;0,024316921511387143;-0,03480391828438826;0,025837134898244046;-0,02585328183476665;-0,025837134898244046;-0,02582745866671013;-0,02585328183476665;-0,025837134898244046;-0,02582745866671013;-0,025837134898244046;0,025826555244563926;0,025854458476484404;-0,02586901438996045;-0,02585328183476665;
</Neuron>
<Neuron>
1;-0,0306736260995226;-0,025847656075318942;-0,030024143254745575;-0,027625393184086078;-0,027607937961734552;0,027625393184086078;0,02761485375356046;-0,027607937961734552;0,027625393184086078;0,02761485375356046;-0,027607937961734552;0,02761246860154562;0,02761485375356046;0,027593914685890508;-0,027607937961734552;
</Neuron>
<Neuron>
1;-0,047535752877769295;0,048425357982372415;-0,042751865284807455;-0,05151879819113921;-0,051541341823232854;0,05151879819113921;0,051540539538943796;-0,051541341823232854;0,05151879819113921;0,051540539538943796;-0,0515384433674022;-0,05154330818594143;-0,05153267540877512;0,051545943510997554;-0,051541341823232854;
</Neuron>
</Layer>
<Layer>
<Neuron>
1;-0,29681393460735267;0,05712221575026012;-0,2165814341701578;-0,29681393460735267;0,05712221575026012;-0,3628777474446594;-0,5737400143182895;
</Neuron>
<Neuron>
1;-0,058369347175662153;-0,5032469716686104;-0,46877015977792696;-0,058369347175662153;-0,5032469716686104;-0,24993223458536465;-0,06633413689481688;
</Neuron>
</Layer>

-----------------------------------------------------
Nowa Struktura: 
<Layer>
<Neuron>
-1;321,0704323825108;2056,695920026216;-228823,8662855302;-49,6045381614974;299,5952462990181;47,08604343912627;-35,12816809589783;
</Neuron>
<Neuron>
-1;330,11834833351713;-2034,610272525615;-226950,75474712971;48,73613072708244;295,3161784967105;45,453026248062756;36,6649035650333;
</Neuron>
<Neuron>
-1;-318,33045937051025;-2034,6527754819576;-226957,26801462335;48,74852138807607;-295,3406584257006;45,48873707555084;-35,67890959686768;
</Neuron>
<Neuron>
-1;-321,0326147931555;2050,8319031249134;-228821,5878312688;50,60229285353727;299,5863721285689;57,08938957031189;38,126331531061275;
</Neuron>
<Neuron>
-1;-321,0326147931555;2050,8319031249134;-228821,5878312688;50,60229285353727;299,5863721285689;57,08938957031189;38,126331531061275;
</Neuron>
<Neuron>
-1;-321,0326147931555;2050,8319031249134;-228821,5878312688;50,60229285353727;299,5863721285689;57,08938957031189;38,126331531061275;
</Neuron>
<Neuron>
-1;350,9960889377338;-2067,3047725253023;-228798,7183375203;70,58695616675128;299,51620623008034;57,07784588893687;38,11250515515837;
</Neuron>
</Layer>
<Layer>
<Neuron>
1;0,032823546136203086;0,03283226996823864;-0,03283148501539518;0,032820060531015945;0,03282073751180665;-0,03281430897315794;0,03281169692735412;
</Neuron>
<Neuron>
-1;-3,5358422612726645;4,287574180999471;3,284328219591385;5,53500320060651;-6,535003200606515;3,53500320060651;-4,535743637691801;
</Neuron>
<Neuron>
1;-0,028365513166038307;0,02833619116397135;0,02833415190531395;0,028362630272769043;0,028369499778268234;-0,028369329197952722;-0,0283601674916207;
</Neuron>
<Neuron>
1;-0,032606860823173434;0,03264833704944057;0,03264545967022897;0,03262661937627187;-0,03262345457379362;0,032625126369780766;-0,0326257684494164;
</Neuron>
<Neuron>
1;-0,032606860823173434;0,03264833704944057;0,03264545967022897;0,03262661937627187;-0,03262345457379362;0,032625126369780766;-0,0326257684494164;
</Neuron>
<Neuron>
1;-0,032606860823173434;0,03264833704944057;0,03264545967022897;0,03262661937627187;-0,03262345457379362;0,032625126369780766;-0,0326257684494164;
</Neuron>
<Neuron>
1;-0,032606860823173434;0,03264833704944057;0,03264545967022897;0,03262661937627187;-0,03262345457379362;0,032625126369780766;-0,0326257684494164;
</Neuron>
<Neuron>
1;-0,032606860823173434;0,03264833704944057;0,03264545967022897;0,03262661937627187;-0,03262345457379362;0,032625126369780766;-0,0326257684494164;
</Neuron>
<Neuron>
1;-0,032606860823173434;0,03264833704944057;0,03264545967022897;0,03262661937627187;-0,03262345457379362;0,032625126369780766;-0,0326257684494164;
</Neuron>
<Neuron>
1;-0,032606860823173434;0,03264833704944057;0,03264545967022897;0,03262661937627187;-0,03262345457379362;0,032625126369780766;-0,0326257684494164;
</Neuron>
<Neuron>
1;-0,032606860823173434;0,03264833704944057;0,03264545967022897;0,03262661937627187;-0,03262345457379362;0,032625126369780766;-0,0326257684494164;
</Neuron>
<Neuron>
1;-0,032606860823173434;0,03264833704944057;0,03264545967022897;0,03262661937627187;-0,03262345457379362;0,032625126369780766;-0,0326257684494164;
</Neuron>
<Neuron>
1;-0,032606860823173434;0,03264833704944057;0,03264545967022897;0,03262661937627187;-0,03262345457379362;0,032625126369780766;-0,0326257684494164;
</Neuron>
<Neuron>
1;-0,032606860823173434;0,03264833704944057;0,03264545967022897;0,03262661937627187;-0,03262345457379362;0,032625126369780766;-0,0326257684494164;
</Neuron>
<Neuron>
1;-0,032606860823173434;0,03264833704944057;0,03264545967022897;0,03262661937627187;-0,03262345457379362;0,032625126369780766;-0,0326257684494164;
</Neuron>
</Layer>
<Layer>
<Neuron>
1;-0,03205654254613653;0,03184322535717839;-0,0298071098427855;0,0292318604124375;0,02922515059531225;-0,0292318604124375;-0,02922549979963837;0,02922515059531225;-0,0292318604124375;-0,02922549979963837;-0,02922823220201501;0,029232579221305843;-0,02922538719438869;-0,029228811970611113;0,02922515059531225;
</Neuron>
<Neuron>
1;0,059432794088433716;-0,03218051740369998;0,026483286829414764;0,028335009282063287;-0,028335505633094452;-0,028335009282063287;-0,028334244479559154;-0,028335505633094452;-0,028335009282063287;-0,028334244479559154;-0,028335009282063287;0,02833334105741295;-0,028334342919507486;-0,028331475183580954;-0,028335505633094452;
</Neuron>
<Neuron>
1;0,025571240007815847;-0,0285277028101849;-0,028266344588677068;0,029469676971352218;-0,029467580849523885;-0,029469676971352218;0,02946282154237345;-0,029467580849523885;-0,029469676971352218;0,02946282154237345;-0,029467580849523885;-0,029471015950844417;0,02946534795655686;0,0294638953771944;-0,029467580849523885;
</Neuron>
<Neuron>
1;-0,03205654254613653;0,03184322535717839;-0,0298071098427855;0,0292318604124375;0,02922515059531225;-0,0292318604124375;-0,02922549979963837;0,02922515059531225;-0,0292318604124375;-0,02922549979963837;-0,02922823220201501;0,029232579221305843;-0,02922538719438869;-0,029228811970611113;0,02922515059531225;
</Neuron>
<Neuron>
1;0,059432794088433716;-0,03218051740369998;0,026483286829414764;0,028335009282063287;-0,028335505633094452;-0,028335009282063287;-0,028334244479559154;-0,028335505633094452;-0,028335009282063287;-0,028334244479559154;-0,028335009282063287;0,02833334105741295;-0,028334342919507486;-0,028331475183580954;-0,028335505633094452;
</Neuron>
<Neuron>
1;0,03341253612399314;-0,02985306248777784;-0,031449090440027166;0,03741713380781164;-0,03741600127648401;-0,03741713380781164;0,03742063618132849;-0,03741600127648401;-0,03741713380781164;0,03742063618132849;-0,03741600127648401;0,037420531916295074;0,03742063618132849;-0,03741643514497858;-0,03741600127648401;
</Neuron>
<Neuron>
1;0,02889486049878731;0,02838130805708186;-0,03107030721968987;0,03393381928467898;-0,03392365958533802;-0,03393381928467898;0,033922857301048964;-0,03392365958533802;-0,03393381928467898;0,033922857301048964;0,03392412940539369;-0,03392262873155455;0,03392989736402077;0,03392526405661067;-0,03392365958533802;
</Neuron>
</Layer>
<Layer>
<Neuron>
1,6000000000000005;-0,2884468932956251;-0,07161428436211845;-0,6919262292743674;-0,2884468932956251;-0,07161428436211845;-0,6629389620845578;-0,6096349699528707;
</Neuron>
<Neuron>
0,40000000000000013;-0,03228142248335314;-0,28278574223940056;0,008390426740318549;-0,03228142248335314;-0,28278574223940056;0,016224919290946483;-0,19000415066050522;
</Neuron>
</Layer>

-----------------------------------------------------
Nowa Struktura: 
<Layer>
<Neuron>
-1;2489,9631412369176;15910,606693999991;-1771087,3969028916;-336,3478070420124;2197,057249808982;320,4629294680789;-247,27057247852431;
</Neuron>
<Neuron>
-1;2498,188479568931;-15882,52021288041;-1768597,927364657;335,4716903724585;2192,2955520065325;318,75664697693685;248,7475268323204;
</Neuron>
<Neuron>
-1;-2486,4137266173007;-15882,66465240953;-1768613,60422307;335,48415396235663;-2192,3287857609853;318,79654106071746;-247,7648518624607;
</Neuron>
<Neuron>
-1;-2489,9243102575797;15904,73456987857;-1771084,1148013896;337,3454008802478;2197,046968317522;330,4661540217511;250,2686159575403;
</Neuron>
<Neuron>
-1;-2489,9243102575797;15904,73456987857;-1771084,1148013896;337,3454008802478;2197,046968317522;330,4661540217511;250,2686159575403;
</Neuron>
<Neuron>
-1;-2489,9243102575797;15904,73456987857;-1771084,1148013896;337,3454008802478;2197,046968317522;330,4661540217511;250,2686159575403;
</Neuron>
<Neuron>
-1;2520,0102145216706;-15922,073291702292;-1771151,1781997387;357,351076528177;2197,1346833260945;330,4734677343512;250,26827988398227;
</Neuron>
</Layer>
<Layer>
<Neuron>
1;-0,036574674952619374;-0,036500532197271826;0,03649760239304389;-0,03657491645829791;0,036575510082282325;-0,036575226250228965;-0,036563722086906975;
</Neuron>
<Neuron>
-1;-3,610958501917871;4,33177891720012;3,3286197243978575;5,61011974853687;-6,610119748536875;3,610119748536641;-4,612466595495632;
</Neuron>
<Neuron>
1;0,03590175204919609;-0,03575227502835365;-0,03575624125254927;-0,035901603089029815;0,03590163839835048;-0,035901467818034966;0,035906569391846194;
</Neuron>
<Neuron>
1;0,03794959268328418;-0,037924548303554434;-0,03792997272743242;0,03795022183192656;-0,03795031339614177;-0,03795002684359064;-0,037970556938902916;
</Neuron>
<Neuron>
1;0,03794959268328418;-0,037924548303554434;-0,03792997272743242;0,03795022183192656;-0,03795031339614177;-0,03795002684359064;-0,037970556938902916;
</Neuron>
<Neuron>
1;0,03794959268328418;-0,037924548303554434;-0,03792997272743242;0,03795022183192656;-0,03795031339614177;-0,03795002684359064;-0,037970556938902916;
</Neuron>
<Neuron>
1;0,03794959268328418;-0,037924548303554434;-0,03792997272743242;0,03795022183192656;-0,03795031339614177;-0,03795002684359064;-0,037970556938902916;
</Neuron>
<Neuron>
1;0,03794959268328418;-0,037924548303554434;-0,03792997272743242;0,03795022183192656;-0,03795031339614177;-0,03795002684359064;-0,037970556938902916;
</Neuron>
<Neuron>
1;0,03794959268328418;-0,037924548303554434;-0,03792997272743242;0,03795022183192656;-0,03795031339614177;-0,03795002684359064;-0,037970556938902916;
</Neuron>
<Neuron>
1;0,03794959268328418;-0,037924548303554434;-0,03792997272743242;0,03795022183192656;-0,03795031339614177;-0,03795002684359064;-0,037970556938902916;
</Neuron>
<Neuron>
1;0,03794959268328418;-0,037924548303554434;-0,03792997272743242;0,03795022183192656;-0,03795031339614177;-0,03795002684359064;-0,037970556938902916;
</Neuron>
<Neuron>
1;0,03794959268328418;-0,037924548303554434;-0,03792997272743242;0,03795022183192656;-0,03795031339614177;-0,03795002684359064;-0,037970556938902916;
</Neuron>
<Neuron>
1;0,03794959268328418;-0,037924548303554434;-0,03792997272743242;0,03795022183192656;-0,03795031339614177;-0,03795002684359064;-0,037970556938902916;
</Neuron>
<Neuron>
1;0,03794959268328418;-0,037924548303554434;-0,03792997272743242;0,03795022183192656;-0,03795031339614177;-0,03795002684359064;-0,037970556938902916;
</Neuron>
<Neuron>
1;0,03794959268328418;-0,037924548303554434;-0,03792997272743242;0,03795022183192656;-0,03795031339614177;-0,03795002684359064;-0,037970556938902916;
</Neuron>
</Layer>
<Layer>
<Neuron>
1;-0,037757257257541484;-0,03540750419839067;-0,028009594303544515;0,030348474014582457;-0,03034821263926107;-0,030348474014582457;0,03034786343493495;-0,03034821263926107;-0,030348474014582457;0,03034786343493495;-0,030347769167233692;-0,030347823044884783;0,03034797604018463;-0,030348348935829796;-0,03034821263926107;
</Neuron>
<Neuron>
1;-0,052308452286170856;-0,030685187110191265;0,05223518720507623;-0,05221798403020824;-0,05221846507094762;0,05221798403020824;0,0522182180533951;-0,05221846507094762;0,05221798403020824;0,0522182180533951;0,05221798403020824;0,052218429407948734;0,052218119613446766;-0,05221835835065974;-0,05221846507094762;
</Neuron>
<Neuron>
1;0,03579318920351782;-0,029023544618612507;-0,03533261393159644;0,034577776914360106;0,0345780841196877;-0,034577776914360106;-0,03457774200486276;0,0345780841196877;-0,034577776914360106;-0,03457774200486276;0,0345780841196877;-0,03457772244676015;-0,034578444320451304;-0,03457761209569242;0,0345780841196877;
</Neuron>
<Neuron>
1;-0,037757257257541484;-0,03540750419839067;-0,028009594303544515;0,030348474014582457;-0,03034821263926107;-0,030348474014582457;0,03034786343493495;-0,03034821263926107;-0,030348474014582457;0,03034786343493495;-0,030347769167233692;-0,030347823044884783;0,03034797604018463;-0,030348348935829796;-0,03034821263926107;
</Neuron>
<Neuron>
1;-0,052308452286170856;-0,030685187110191265;0,05223518720507623;-0,05221798403020824;-0,05221846507094762;0,05221798403020824;0,0522182180533951;-0,05221846507094762;0,05221798403020824;0,0522182180533951;0,05221798403020824;0,052218429407948734;0,052218119613446766;-0,05221835835065974;-0,05221846507094762;
</Neuron>
<Neuron>
1;0,03803715604896166;0,03742017994585976;-0,028889561010810118;-0,0309833575394719;0,03098360090060384;0,0309833575394719;-0,030982677751402926;0,03098360090060384;0,0309833575394719;-0,030982677751402926;0,03098360090060384;-0,03098278201643634;-0,030982677751402926;-0,030983512710667127;0,03098360090060384;
</Neuron>
<Neuron>
1;-0,03053449086679538;0,028622738010842898;-0,024900388905208175;-0,02591235837620399;-0,025912176817626847;0,02591235837620399;-0,025912063992407097;-0,025912176817626847;0,02591235837620399;-0,025912063992407097;-0,025912078453529174;0,02591229256190151;0,025912243653573096;-0,02591209333371559;-0,025912176817626847;
</Neuron>
</Layer>
<Layer>
<Neuron>
1,8000000000000007;-0,25889556515777823;-0,333717974883046;-0,6274920136885143;-0,25889556515777823;-0,333717974883046;-0,6490122525769972;-0,5845162221212183;
</Neuron>
<Neuron>
0,20000000000000015;-0,03516594063802504;-0,006052833448172503;-0,026179630099624845;-0,03516594063802504;-0,006052833448172503;-0,2199965323888424;-0,05409282779173433;
</Neuron>
</Layer>

-----------------------------------------------------
Nowa Struktura: 
<Layer>
<Neuron>
-1;21309,478879896396;135985,93892076157;-15159705,290452167;-2846,259232539963;18728,99660454618;2722,6653790881696;-2104,21005573128;
</Neuron>
<Neuron>
-1;21318,664718558346;-135964,09201126487;-15157855,791474504;2845,4952640546744;18725,206443814437;2721,098076648056;2105,815101093242;
</Neuron>
<Neuron>
-1;-21306,901429279616;-135964,36024469076;-15157892,743272223;2845,503323558622;-18725,239240571904;2721,141350206987;-2104,8366900728747;
</Neuron>
<Neuron>
-1;-21309,472515810492;135980,25823909792;-15159723,14029901;2847,255161503042;18729,005605162412;2732,675824666573;2107,2134899704038;
</Neuron>
<Neuron>
-1;-21309,472515810492;135980,25823909792;-15159723,14029901;2847,255161503042;18729,005605162412;2732,675824666573;2107,2134899704038;
</Neuron>
<Neuron>
-1;-21309,472515810492;135980,25823909792;-15159723,14029901;2847,255161503042;18729,005605162412;2732,675824666573;2107,2134899704038;
</Neuron>
<Neuron>
-1;21341,839055660297;-136012,38383830804;-15161448,039744481;2867,4976618662668;18730,829890150188;2732,897856106315;2107,400375695747;
</Neuron>
</Layer>
<Layer>
<Neuron>
1;-0,023836362220057094;-0,02383768550879721;-0,02383888472487213;-0,023836418941805344;-0,02383642018608183;0,02383640604346506;0,02384635498060231;
</Neuron>
<Neuron>
-1;-3,679622153355089;4,379887236123228;3,3771008052161653;5,678857173247213;-6,678857173247218;3,6788571732470197;-4,689750661592164;
</Neuron>
<Neuron>
1;-0,027591895747555193;0,02759686137285712;0,027596117200728378;-0,027592112931786577;-0,02759208720379298;-0,02759205554664716;0,027591394077575635;
</Neuron>
<Neuron>
1;0,023853515273959795;0,023861036497392154;-0,023864826654622508;-0,02385474047264153;-0,023854751067802472;-0,023854739552624633;-0,02388199812759097;
</Neuron>
<Neuron>
1;0,023853515273959795;0,023861036497392154;-0,023864826654622508;-0,02385474047264153;-0,023854751067802472;-0,023854739552624633;-0,02388199812759097;
</Neuron>
<Neuron>
1;0,023853515273959795;0,023861036497392154;-0,023864826654622508;-0,02385474047264153;-0,023854751067802472;-0,023854739552624633;-0,02388199812759097;
</Neuron>
<Neuron>
1;0,023853515273959795;0,023861036497392154;-0,023864826654622508;-0,02385474047264153;-0,023854751067802472;-0,023854739552624633;-0,02388199812759097;
</Neuron>
<Neuron>
1;0,023853515273959795;0,023861036497392154;-0,023864826654622508;-0,02385474047264153;-0,023854751067802472;-0,023854739552624633;-0,02388199812759097;
</Neuron>
<Neuron>
1;0,023853515273959795;0,023861036497392154;-0,023864826654622508;-0,02385474047264153;-0,023854751067802472;-0,023854739552624633;-0,02388199812759097;
</Neuron>
<Neuron>
1;0,023853515273959795;0,023861036497392154;-0,023864826654622508;-0,02385474047264153;-0,023854751067802472;-0,023854739552624633;-0,02388199812759097;
</Neuron>
<Neuron>
1;0,023853515273959795;0,023861036497392154;-0,023864826654622508;-0,02385474047264153;-0,023854751067802472;-0,023854739552624633;-0,02388199812759097;
</Neuron>
<Neuron>
1;0,023853515273959795;0,023861036497392154;-0,023864826654622508;-0,02385474047264153;-0,023854751067802472;-0,023854739552624633;-0,02388199812759097;
</Neuron>
<Neuron>
1;0,023853515273959795;0,023861036497392154;-0,023864826654622508;-0,02385474047264153;-0,023854751067802472;-0,023854739552624633;-0,02388199812759097;
</Neuron>
<Neuron>
1;0,023853515273959795;0,02386103Nowa Struktura: 
<Layer>
<Neuron>
-1;2489,9631412369176;15910,606693999991;-1771087,3969028916;-336,3478070420124;2197,057249808982;320,4629294680789;-247,27057247852431;
</Neuron>
<Neuron>
-1;2498,188479568931;-15882,52021288041;-1768597,927364657;335,4716903724585;2192,2955520065325;318,75664697693685;248,7475268323204;
</Neuron>
<Neuron>
-1;-2486,4137266173007;-15882,66465240953;-1768613,60422307;335,48415396235663;-2192,3287857609853;318,79654106071746;-247,7648518624607;
</Neuron>
<Neuron>
-1;-2489,9243102575797;15904,73456987857;-1771084,1148013896;337,3454008802478;2197,046968317522;330,4661540217511;250,2686159575403;
</Neuron>
<Neuron>
-1;-2489,9243102575797;15904,73456987857;-1771084,1148013896;337,3454008802478;2197,046968317522;330,4661540217511;250,2686159575403;
</Neuron>
<Neuron>
-1;-2489,9243102575797;15904,73456987857;-1771084,1148013896;337,3454008802478;2197,046968317522;330,4661540217511;250,2686159575403;
</Neuron>
<Neuron>
-1;2520,0102145216706;-15922,073291702292;-1771151,1781997387;357,351076528177;2197,1346833260945;330,4734677343512;250,26827988398227;
</Neuron>
</Layer>
<Layer>
<Neuron>
1;-0,036574674952619374;-0,036500532197271826;0,03649760239304389;-0,03657491645829791;0,036575510082282325;-0,036575226250228965;-0,036563722086906975;
</Neuron>
<Neuron>
-1;-3,610958501917871;4,33177891720012;3,3286197243978575;5,61011974853687;-6,610119748536875;3,610119748536641;-4,612466595495632;
</Neuron>
<Neuron>
1;0,03590175204919609;-0,03575227502835365;-0,03575624125254927;-0,035901603089029815;0,03590163839835048;-0,035901467818034966;0,035906569391846194;
</Neuron>
<Neuron>
1;0,03794959268328418;-0,037924548303554434;-0,03792997272743242;0,03795022183192656;-0,03795031339614177;-0,03795002684359064;-0,037970556938902916;
</Neuron>
<Neuron>
1;0,03794959268328418;-0,037924548303554434;-0,03792997272743242;0,03795022183192656;-0,03795031339614177;-0,03795002684359064;-0,037970556938902916;
</Neuron>
<Neuron>
1;0,03794959268328418;-0,037924548303554434;-0,03792997272743242;0,03795022183192656;-0,03795031339614177;-0,03795002684359064;-0,037970556938902916;
</Neuron>
<Neuron>
1;0,03794959268328418;-0,037924548303554434;-0,03792997272743242;0,03795022183192656;-0,03795031339614177;-0,03795002684359064;-0,037970556938902916;
</Neuron>
<Neuron>
1;0,03794959268328418;-0,037924548303554434;-0,03792997272743242;0,03795022183192656;-0,03795031339614177;-0,03795002684359064;-0,037970556938902916;
</Neuron>
<Neuron>
1;0,03794959268328418;-0,037924548303554434;-0,03792997272743242;0,03795022183192656;-0,03795031339614177;-0,03795002684359064;-0,037970556938902916;
</Neuron>
<Neuron>
1;0,03794959268328418;-0,037924548303554434;-0,03792997272743242;0,03795022183192656;-0,03795031339614177;-0,03795002684359064;-0,037970556938902916;
</Neuron>
<Neuron>
1;0,03794959268328418;-0,037924548303554434;-0,03792997272743242;0,03795022183192656;-0,03795031339614177;-0,03795002684359064;-0,037970556938902916;
</Neuron>
<Neuron>
1;0,03794959268328418;-0,037924548303554434;-0,03792997272743242;0,03795022183192656;-0,03795031339614177;-0,03795002684359064;-0,037970556938902916;
</Neuron>
<Neuron>
1;0,03794959268328418;-0,037924548303554434;-0,03792997272743242;0,03795022183192656;-0,03795031339614177;-0,03795002684359064;-0,037970556938902916;
</Neuron>
<Neuron>
1;0,03794959268328418;-0,037924548303554434;-0,03792997272743242;0,03795022183192656;-0,03795031339614177;-0,03795002684359064;-0,037970556938902916;
</Neuron>
<Neuron>
1;0,03794959268328418;-0,037924548303554434;-0,03792997272743242;0,03795022183192656;-0,03795031339614177;-0,03795002684359064;-0,037970556938902916;
</Neuron>
</Layer>
<Layer>
<Neuron>
1;-0,037757257257541484;-0,03540750419839067;-0,028009594303544515;0,030348474014582457;-0,03034821263926107;-0,030348474014582457;0,03034786343493495;-0,03034821263926107;-0,030348474014582457;0,03034786343493495;-0,030347769167233692;-0,030347823044884783;0,03034797604018463;-0,030348348935829796;-0,03034821263926107;
</Neuron>
<Neuron>
1;-0,052308452286170856;-0,030685187110191265;0,05223518720507623;-0,05221798403020824;-0,05221846507094762;0,05221798403020824;0,0522182180533951;-0,05221846507094762;0,05221798403020824;0,0522182180533951;0,05221798403020824;0,052218429407948734;0,052218119613446766;-0,05221835835065974;-0,05221846507094762;
</Neuron>
<Neuron>
1;0,03579318920351782;-0,029023544618612507;-0,03533261393159644;0,034577776914360106;0,0345780841196877;-0,034577776914360106;-0,03457774200486276;0,0345780841196877;-0,034577776914360106;-0,03457774200486276;0,0345780841196877;-0,03457772244676015;-0,034578444320451304;-0,03457761209569242;0,0345780841196877;
</Neuron>
<Neuron>
1;-0,037757257257541484;-0,03540750419839067;-0,028009594303544515;0,030348474014582457;-0,03034821263926107;-0,030348474014582457;0,03034786343493495;-0,03034821263926107;-0,030348474014582457;0,03034786343493495;-0,030347769167233692;-0,030347823044884783;0,03034797604018463;-0,030348348935829796;-0,03034821263926107;
</Neuron>
<Neuron>
1;-0,052308452286170856;-0,030685187110191265;0,05223518720507623;-0,05221798403020824;-0,05221846507094762;0,05221798403020824;0,0522182180533951;-0,05221846507094762;0,05221798403020824;0,0522182180533951;0,05221798403020824;0,052218429407948734;0,052218119613446766;-0,05221835835065974;-0,05221846507094762;
</Neuron>
<Neuron>
1;0,03803715604896166;0,03742017994585976;-0,028889561010810118;-0,0309833575394719;0,03098360090060384;0,0309833575394719;-0,030982677751402926;0,03098360090060384;0,0309833575394719;-0,030982677751402926;0,03098360090060384;-0,03098278201643634;-0,030982677751402926;-0,030983512710667127;0,03098360090060384;
</Neuron>
<Neuron>
1;-0,03053449086679538;0,028622738010842898;-0,024900388905208175;-0,02591235837620399;-0,025912176817626847;0,02591235837620399;-0,025912063992407097;-0,025912176817626847;0,02591235837620399;-0,025912063992407097;-0,025912078453529174;0,02591229256190151;0,025912243653573096;-0,02591209333371559;-0,025912176817626847;
</Neuron>
</Layer>
<Layer>
<Neuron>
1,8000000000000007;-0,25889556515777823;-0,333717974883046;-0,6274920136885143;-0,25889556515777823;-0,333717974883046;-0,6490122525769972;-0,5845162221212183;
</Neuron>
<Neuron>
0,20000000000000015;-0,03516594063802504;-0,006052833448172503;-0,026179630099624845;-0,03516594063802504;-0,006052833448172503;-0,2199965323888424;-0,05409282779173433;
</Neuron>
</Layer>

-----------------------------------------------------
