<Layer>
<Neuron>
1,52592;137,813059744597;113,026450892312;581,957342123703
</Neuron>
<Neuron>
2,07534;541,889669498975;-475,627997096018;339,878155258996
</Neuron>
<Neuron>
0,79596;492,518816042141;401,529876353464;155,749776251351
</Neuron>
</Layer>
<Layer>
<Neuron>
2,21893;2,25809457730325;0,468618529441439;0,125732511666273
</Neuron>
<Neuron>
1,62074;1,28746900834233;-0,346846866714554;-0,936765206165363
</Neuron>
<Neuron>
-204537,116257418;-2,47032822920623E-323;-2,47032822920623E-323;2,47032822920623E-323
</Neuron>
<Neuron>
1,86459;-2,19917129411223;3,06570387494294;2,03847331093391
</Neuron>
<Neuron>
-204539,210377418;2,47032822920623E-323;-2,47032822920623E-323;-2,47032822920623E-323
</Neuron>
</Layer>
<Layer>
<Neuron>
-204540,000367418;-2,47032822920623E-323;-2,47032822920623E-323;-0,186542046200884;2,47032822920623E-323;-0,25982522451219
</Neuron>
<Neuron>
204539,266247418;-1,69876585662112E+308;-1,66152516490731E+308;-2,5331625205384;-1,77278251149547E+308;-1,23319402872856
</Neuron>
</Layer>
