<Layer>
<Neuron>
-0,05379;-0,34153;-0,93702
</Neuron>
<Neuron>
-0,48498;-0,90568;0,77209
</Neuron>
<Neuron>
-0,08423;-0,22318;0,64843
</Neuron>
<Neuron>
0,42858;0,48951;-0,26026
</Neuron>
<Neuron>
-0,3763;-0,9295;0,08908
</Neuron>
<Neuron>
0,24216;-0,85618;-0,68909
</Neuron>
<Neuron>
-0,50638;0,10854;0,35728
</Neuron>
<Neuron>
-0,96769;0,04632;-0,2785
</Neuron>
<Neuron>
0,83189;0,5477;-0,76913
</Neuron>
<Neuron>
0,90667;-0,02932;0,45141
</Neuron>
<Neuron>
0,81249;0,64437;-0,71992
</Neuron>
<Neuron>
-0,35554;0,8114;-0,59019
</Neuron>
<Neuron>
0,88947;-0,35248;0,55021
</Neuron>
<Neuron>
0,85667;0,94823;0,33183
</Neuron>
<Neuron>
-0,08635;-0,40659;0,62095
</Neuron>
<Neuron>
0,86291;-0,56143;-0,55449
</Neuron>
<Neuron>
0,87123;-0,58673;0,47729
</Neuron>
<Neuron>
0,49197;-0,78046;-0,10837
</Neuron>
<Neuron>
-0,71615;-0,0861;0,61216
</Neuron>
<Neuron>
0,34148;-0,31687;-0,45338
</Neuron>
</Layer>
<Layer>
<Neuron>
0,54122;0,00909;0,80614;-0,80299;0,61609;0,84513;-0,54034;0,97923;-0,7409;-0,32073;0,35269;0,4963;-0,2393;-0,36304;0,16031;-0,97456;0,11866;-0,5471;0,10055;0,96898;0,10913
</Neuron>
<Neuron>
0,78536;-0,96456;-0,4426;0,97412;-0,67948;0,42484;0,38845;-0,63938;-0,1025;-0,20235;-0,45201;0,96439;0,0036;-0,68455;-0,06086;0,52569;-0,28337;-0,02268;0,77582;0,40325;-0,54066
</Neuron>
<Neuron>
-0,81358;0,19196;0,06058;0,98099;-0,26873;0,58258;0,73132;-0,74159;0,79524;0,15925;-0,75907;-0,28584;0,43749;0,75586;-0,02635;0,24874;-0,7771;0,29557;-0,5797;0,07121;0,61862
</Neuron>
<Neuron>
0,36159;0,88162;-0,19529;0,53192;0,7571;-0,67849;-0,77883;-0,50025;-0,59797;0,47558;0,32473;-0,43427;-0,35021;0,59894;-0,15651;0,49682;0,99313;0,58924;0,84225;0,65713;-0,89779
</Neuron>
<Neuron>
0,10227;0,6384;-0,69295;0,25023;0,56611;-0,44041;0,96549;-0,72305;-0,50626;0,68175;0,35552;-0,66796;-0,15928;-0,17518;0,31034;-0,74412;-0,55093;-0,02583;0,26107;0,51015;0,75866
</Neuron>
</Layer>
<Layer>
<Neuron>
0,3932;0,68367;-0,0838;-0,85157;-0,2123;-0,84308
</Neuron>
</Layer>